Area	Species	Year	AvgWt	AvgPrice	#fish(x1000)	Wtfish(x1000)	Estimated Value	Poundage by Fincance	Finance by Poundage
Southeast	Chinook	2016	10.26	5.23	305	3132	16381	3132.122371	16380.36
Southeast	Chinook	2015	10.06	3.81	307	3085	11751	3084.251969	11753.85
Southeast	Chinook	2014	12.1	4.27	423	5092	21744	5092.271663	21742.84
Southeast	Chinook	2013	13	6.7	200	2601	17423	2600.447761	17426.7
Southeast	Chinook	2012	13.04	4.42	278	3629	16030	3626.696833	16040.18
Southeast	Chinook	2011	13.39	3.98	344	4612	18358	4612.562814	18355.76
Southeast	Chinook	2010	14.37	4.21	260	3742	15772	3746.31829	15753.82
Southeast	Chinook	2009	14.06	3.18	267	3759	11970	3764.150943	11953.62
Southeast	Chinook	2008	14.94	5.45	271	4056	22104	4055.779817	22105.2
Southeast	Chinook	2007	14.72	3.52	359	5283	18596	5282.954545	18596.16
Southeast	Chinook	2006	14.96	3.65	379	5670	20679	5665.479452	20695.5
Southeast	Chinook	2005	14.11	2.53	462	6518	16491	6518.181818	16490.54
Southeast	Chinook	2004	14.92	2.07	497	7413	15359	7419.806763	15344.91
Southeast	Chinook	2003	15.35	1.2	431	6616	7939	6615.833333	7939.2
Southeast	Chinook	2002	15.97	1.13	417	6661	7527	6661.061947	7526.93
Southeast	Chinook	2001	17.03	1.69	244	4160	7030	4159.763314	7030.4
Southeast	Chinook	2000	16.29	1.52	230	3780	5750	3782.894737	5745.6
Southeast	Chinook	1999	15.35	1.66	190	2950	4910	2957.831325	4897
Southeast	Chinook	1998	17.09	1.02	240	4050	4130	4049.019608	4131
Southeast	Chinook	1997	17.2	1.63	300	5170	8420	5165.644172	8427.1
Southeast	Chinook	1996	17	1.75	200	3440	6010	3434.285714	6020
Southeast	Chinook	1995	16.52	1.53	210	3540	5410	3535.947712	5416.2
Southeast	Chinook	1994	16.07	1.93	220	3480	6720	3481.865285	6716.4
Southeast	Sockeye	2016	4.29	1.28	1501	6411	8245	6441.40625	8206.08
Southeast	Sockeye	2015	4.36	1.09	1389	6054	6598	6053.211009	6598.86
Southeast	Sockeye	2014	5.8	1.75	1558	9038	15816	9037.714286	15816.5
Southeast	Sockeye	2013	6.03	1.85	910	5488	10140	5481.081081	10152.8
Southeast	Sockeye	2012	6.26	1.32	945	5908	7806	5913.636364	7798.56
Southeast	Sockeye	2011	6.07	1.62	1235	7499	12124	7483.950617	12148.38
Southeast	Sockeye	2010	5.9	1.68	716	4220	7079	4213.690476	7089.6
Southeast	Sockeye	2009	5.94	1.24	926	5496	6818	5498.387097	6815.04
Southeast	Sockeye	2008	6.3	1.37	436	2747	3771	2752.554745	3763.39
Southeast	Sockeye	2007	6.38	1.13	1905	12153	13854	12260.17699	13732.89
Southeast	Sockeye	2006	5.66	1.14	1334	7556	8581	7527.192982	8613.84
Southeast	Sockeye	2005	5.64	1.05	1608	9069	9523	9069.52381	9522.45
Southeast	Sockeye	2004	5.9	0.86	2038	12026	10349	12033.72093	10342.36
Southeast	Sockeye	2003	6.07	0.9	1525	9253	8328	9253.333333	8327.7
Southeast	Sockeye	2002	6.25	0.74	806	5039	3729	5039.189189	3728.86
Southeast	Sockeye	2001	6.18	0.85	2040	12590	10700	12588.23529	10701.5
Southeast	Sockeye	2000	6.03	0.96	1220	7330	7020	7312.5	7036.8
Southeast	Sockeye	1999	5.9	1.13	1160	6840	7730	6840.707965	7729.2
Southeast	Sockeye	1998	6.05	1.09	1380	8320	9070	8321.100917	9068.8
Southeast	Sockeye	1997	6.23	1.21	2480	15430	18670	15429.75207	18670.3
Southeast	Sockeye	1996	6.5	1.25	2790	18140	22670	18136	22675
Southeast	Sockeye	1995	5.79	1.21	1800	10390	12570	10388.42975	12571.9
Southeast	Sockeye	1994	5.96	1.39	2390	14260	19820	14258.99281	19821.4
Southeast	Coho	2016	7.17	1.41	2223	15941	22477	15941.13475	22476.81
Southeast	Coho	2015	5.88	0.78	1876	11030	8604	11030.76923	8603.4
Southeast	Coho	2014	6.8	1.35	3674	25846	34892	25845.92593	34892.1
Southeast	Coho	2013	5.7	1.17	3504	19987	23410	20008.54701	23384.79
Southeast	Coho	2012	6.39	1.47	2084	13311	19579	13319.04762	19567.17
Southeast	Coho	2011	5.97	1.27	2305	13766	17524	13798.4252	17482.82
Southeast	Coho	2010	7.54	1.27	2578	19444	24735	19476.37795	24693.88
Southeast	Coho	2009	6.36	1.05	2635	16770	17615	16776.19048	17608.5
Southeast	Coho	2008	7.98	1.64	2382	19001	31217	19034.7561	31161.64
Southeast	Coho	2007	6.22	1.32	2063	12834	16941	12834.09091	16940.88
Southeast	Coho	2006	6.84	1.55	2092	14304	22242	14349.67742	22171.2
Southeast	Coho	2005	6.12	0.95	3003	18369	17451	18369.47368	17450.55
Southeast	Coho	2004	7.05	0.92	3085	21743	20089	21835.86957	20003.56
Southeast	Coho	2003	7.03	0.65	2498	17564	11417	17564.61538	11416.6
Southeast	Coho	2002	7.53	0.42	3242	24417	10255	24416.66667	10255.14
Southeast	Coho	2001	6.72	0.63	3300	22140	13950	22142.85714	13948.2
Southeast	Coho	2000	7.08	0.7	1950	13800	9690	13842.85714	9660
Southeast	Coho	1999	6	0.98	3580	21510	21080	21510.20408	21079.8
Southeast	Coho	1998	7.8	0.6	2990	23310	13990	23316.66667	13986
Southeast	Coho	1997	7.3	0.99	1970	14410	14270	14414.14141	14265.9
Southeast	Coho	1996	8	0.5	3030	24280	12140	24280	12140
Southeast	Coho	1995	7.64	0.72	3350	25550	18390	25541.66667	18396
Southeast	Coho	1994	7.56	1.06	5720	43210	45800	43207.54717	45802.6
Southeast	Pink	2016	4.27	0.23	18295	78120	17968	78121.73913	17967.6
Southeast	Pink	2015	3.84	0.2	34089	130900	26180	130900	26180
Southeast	Pink	2014	3.5	0.28	37092	131076	36701	131075	36701.28
Southeast	Pink	2013	3.52	0.4	89234	313714	124742	311855	125485.6
Southeast	Pink	2012	3.57	0.48	21302	76029	36575	76197.91667	36493.92
Southeast	Pink	2011	3.71	0.47	59083	219257	102238	217527.6596	103050.79
Southeast	Pink	2010	4.25	0.4	23782	101063	40136	100340	40425.2
Southeast	Pink	2009	3.16	0.29	38101	120410	34634	119427.5862	34918.9
Southeast	Pink	2008	3.68	0.37	15974	58798	21933	59278.37838	21755.26
Southeast	Pink	2007	3.6	0.21	44885	161444	33903	161442.8571	33903.24
Southeast	Pink	2006	4.02	0.17	11666	46945	7854	46200	7980.65
Southeast	Pink	2005	3.5	0.12	59167	207111	24853	207108.3333	24853.32
Southeast	Pink	2004	3.63	0.1	45333	164565	17182	171820	16456.5
Southeast	Pink	2003	3.51	0.1	52516	184495	18450	184500	18449.5
Southeast	Pink	2002	3.32	0.09	45331	150574	13552	150577.7778	13551.66
Southeast	Pink	2001	3.29	0.14	67050	220590	30880	220571.4286	30882.6
Southeast	Pink	2000	3.41	0.12	20250	69030	8070	67250	8283.6
Southeast	Pink	1999	2.93	0.14	77770	227850	31900	227857.1429	31899
Southeast	Pink	1998	3.47	0.14	42530	147570	20660	147571.4286	20659.8
Southeast	Pink	1997	3.85	0.16	28980	111590	17850	111562.5	17854.4
Southeast	Pink	1996	3.2	0.11	64660	206900	22760	206909.0909	22759
Southeast	Pink	1995	3.18	0.21	47960	152730	32070	152714.2857	32073.3
Southeast	Pink	1994	3	0.2	57650	172940	34590	172950	34588
Southeast	Chum	2016	7.74	0.6	9036	69939	41963	69938.33333	41963.4
Southeast	Chum	2015	8.46	0.5	8559	72407	36204	72408	36203.5
Southeast	Chum	2014	9.1	0.64	6501	59430	38035	59429.6875	38035.2
Southeast	Chum	2013	8.16	0.52	10220	83415	43638	83919.23077	43375.8
Southeast	Chum	2012	9.09	0.82	12375	112547	92074	112285.3659	92288.54
Southeast	Chum	2011	7.63	0.91	10730	81919	74770	82164.83516	74546.29
Southeast	Chum	2010	8.35	0.76	9371	78254	59334	78071.05263	59473.04
Southeast	Chum	2009	7.37	0.57	9660	71229	40484	71024.5614	40600.53
Southeast	Chum	2008	8.59	0.69	9066	77915	54064	78353.62319	53761.35
Southeast	Chum	2007	8.19	0.39	9416	77090	30065	77089.74359	30065.1
Southeast	Chum	2006	8.93	0.35	13993	124889	43877	125362.8571	43711.15
Southeast	Chum	2005	8.88	0.3	6428	57087	17126	57086.66667	17126.1
Southeast	Chum	2004	8.13	0.23	11372	92456	20849	90647.82609	21264.88
Southeast	Chum	2003	7.19	0.22	1115	79881	17574	79881.81818	17573.82
Southeast	Chum	2002	9.3	0.22	7455	69349	15257	69350	15256.78
Southeast	Chum	2001	8.87	0.39	8740	77540	30240	77538.46154	30240.6
Southeast	Chum	2000	9.38	0.28	15850	148610	41680	148857.1429	41610.8
Southeast	Chum	1999	9.41	0.2	14900	140250	28050	140250	28050
Southeast	Chum	1998	8.85	0.18	15700	138900	25000	138888.8889	25002
Southeast	Chum	1997	8.99	0.25	11790	105990	26500	106000	26497.5
Southeast	Chum	1996	11	0.18	15800	173800	31280	173777.7778	31284
Southeast	Chum	1995	8.16	0.37	11164	91100	33710	91108.10811	33707
Southeast	Chum	1994	7.6	0.25	10400	79020	19760	79040	19755
Prince William Sound	Chinook	2016	17.51	6.06	12	209	1268	209.2409241	1266.54
Prince William Sound	Chinook	2015	16.42	5.65	24	388	2189	387.4336283	2192.2
Prince William Sound	Chinook	2014	17.69	6.31	10	179	1129	178.9223455	1129.49
Prince William Sound	Chinook	2013	16.79	5.46	10	175	956	175.0915751	955.5
Prince William Sound	Chinook	2012	20.88	6.68	12	255	1704	255.0898204	1703.4
Prince William Sound	Chinook	2011	20.26	5.63	19	387	2180	387.2113677	2178.81
Prince William Sound	Chinook	2010	19.64	5.45	10	197	1076	197.4311927	1073.65
Prince William Sound	Chinook	2009	18.79	4.6	10	186	855	185.8695652	855.6
Prince William Sound	Chinook	2008	21.35	5.96	12	265	1578	264.7651007	1579.4
Prince William Sound	Chinook	2007	21.85	4.57	41	896	4095	896.0612691	4094.72
Prince William Sound	Chinook	2006	20.41	5.04	32	646	3254	645.6349206	3255.84
Prince William Sound	Chinook	2005	21.63	4.72	36	781	3688	781.3559322	3686.32
Prince William Sound	Chinook	2004	22.46	4.67	39	879	4110	880.0856531	4104.93
Prince William Sound	Chinook	2003	22.84	3.46	49	1119	3872	1119.075145	3871.74
Prince William Sound	Chinook	2002	20.75	3.51	40	830	2913	829.9145299	2913.3
Prince William Sound	Chinook	2001	21.2	3.71	40	870	3240	873.3153639	3227.7
Prince William Sound	Chinook	2000	20.8	4.08	30	670	2710	664.2156863	2733.6
Prince William Sound	Chinook	1999	21.04	4.2	60	1360	5700	1357.142857	5712
Prince William Sound	Chinook	1998	22.45	2.4	70	1620	3900	1625	3888
Prince William Sound	Chinook	1997	22.69	2.01	50	1220	2450	1218.905473	2452.2
Prince William Sound	Chinook	1996	24.74	1.6	60	1450	2320	1450	2320
Prince William Sound	Chinook	1995	24	2.27	70	1650	3750	1651.982379	3745.5
Prince William Sound	Chinook	1994	22.18	1.49	50	1090	1630	1093.959732	1624.1
Prince William Sound	Sockeye	2016	5.32	2.24	1937	10303	23103	10313.83929	23078.72
Prince William Sound	Sockeye	2015	5.35	2.01	3210	17183	34593	17210.44776	34537.83
Prince William Sound	Sockeye	2014	5.93	2.29	3307	19615	44961	19633.62445	44918.35
Prince William Sound	Sockeye	2013	6.08	2.28	2280	13870	31677	13893.42105	31623.6
Prince William Sound	Sockeye	2012	6.72	1.83	3690	24785	45375	24795.08197	45356.55
Prince William Sound	Sockeye	2011	6.12	1.82	3532	21633	39371	21632.41758	39372.06
Prince William Sound	Sockeye	2010	6.14	2.01	2037	12515	25117	12496.0199	25155.15
Prince William Sound	Sockeye	2009	6.22	1.83	1913	11901	21800	11912.56831	21778.83
Prince William Sound	Sockeye	2008	6.15	1.69	1301	8004	13527	8004.142012	13526.76
Prince William Sound	Sockeye	2007	6.26	1.55	3231	20237	31376	20242.58065	31367.35
Prince William Sound	Sockeye	2006	5.59	1.61	2525	14116	22727	14116.14907	22726.76
Prince William Sound	Sockeye	2005	5.9	1.57	1989	11740	18432	11740.12739	18431.8
Prince William Sound	Sockeye	2004	5.8	1.38	1893	10977	15160	10985.50725	15148.26
Prince William Sound	Sockeye	2003	6.1	1.1	2730	16660	18326	16660	18326
Prince William Sound	Sockeye	2002	6.39	1.13	2263	14453	16332	14453.09735	16331.89
Prince William Sound	Sockeye	2001	6.14	1.11	2260	13890	15420	13891.89189	15417.9
Prince William Sound	Sockeye	2000	6.48	1.57	1430	9310	14660	9337.579618	14616.7
Prince William Sound	Sockeye	1999	5.98	1.7	2040	12180	20710	12182.35294	20706
Prince William Sound	Sockeye	1998	6.04	1.5	1720	10370	15560	10373.33333	15555
Prince William Sound	Sockeye	1997	6.33	0.96	4160	26340	25290	26343.75	25286.4
Prince William Sound	Sockeye	1996	6.36	1.3	2990	19010	24720	19015.38462	24713
Prince William Sound	Sockeye	1995	5.7	1.55	1520	8750	13570	8754.83871	13562.5
Prince William Sound	Sockeye	1994	5.74	1.26	1520	8700	10960	8698.412698	10962
Prince William Sound	Coho	2016	9.02	1.45	478	4309	6233	4298.62069	6248.05
Prince William Sound	Coho	2015	7.43	0.66	198	1469	966	1463.636364	969.54
Prince William Sound	Coho	2014	8.08	1.1	600	4853	5346	4860	5338.3
Prince William Sound	Coho	2013	7.81	1.33	581	4539	6060	4556.390977	6036.87
Prince William Sound	Coho	2012	8.05	1.27	209	1683	2130	1677.165354	2137.41
Prince William Sound	Coho	2011	7.07	1.13	370	2619	2951	2611.504425	2959.47
Prince William Sound	Coho	2010	8.95	1.43	334	2987	4268	2984.615385	4271.41
Prince William Sound	Coho	2009	8.85	1.29	300	2655	3437	2664.341085	3424.95
Prince William Sound	Coho	2008	9.51	1.22	551	5234	6386	5234.42623	6385.48
Prince William Sound	Coho	2007	8.54	0.82	329	2811	2301	2806.097561	2305.02
Prince William Sound	Coho	2006	8.93	0.81	764	6824	5527	6823.45679	5527.44
Prince William Sound	Coho	2005	7.86	0.76	523	4178	3175	4177.631579	3175.28
Prince William Sound	Coho	2004	9.03	0.7	620	5595	3939	5627.142857	3916.5
Prince William Sound	Coho	2003	8.39	0.47	522	4378	2058	4378.723404	2057.66
Prince William Sound	Coho	2002	9.36	0.36	651	6096	2195	6097.222222	2194.56
Prince William Sound	Coho	2001	8.61	0.31	490	4250	1320	4258.064516	1317.5
Prince William Sound	Coho	2000	9.4	0.52	710	6690	3460	6653.846154	3478.8
Prince William Sound	Coho	1999	8	0.58	170	1360	790	1362.068966	788.8
Prince William Sound	Coho	1998	8.85	0.55	190	1720	950	1727.272727	946
Prince William Sound	Coho	1997	7.67	0.58	80	640	370	637.9310345	371.2
Prince William Sound	Coho	1996	8.12	0.5	420	3440	1720	3440	1720
Prince William Sound	Coho	1995	9.4	0.5	970	9030	4520	9040	4515
Prince William Sound	Coho	1994	9.77	0.73	1060	10340	7550	10342.46575	7548.2
Prince William Sound	Pink	2016	3.89	0.28	13269	51562	14338	51207.14286	14437.36
Prince William Sound	Pink	2015	3.38	0.22	98254	332085	71913	326877.2727	73058.7
Prince William Sound	Pink	2014	3.37	0.31	43902	148093	45603	147106.4516	45908.83
Prince William Sound	Pink	2013	2.81	0.41	91017	255707	106017	258578.0488	104839.87
Prince William Sound	Pink	2012	3.94	0.5	27232	107183	54007	108014	53591.5
Prince William Sound	Pink	2011	2.99	0.46	33356	99797	46087	100189.1304	45906.62
Prince William Sound	Pink	2010	3.6	0.41	71310	256425	104486	254843.9024	105134.25
Prince William Sound	Pink	2009	3.01	0.26	19001	57157	14811	56965.38462	14860.82
Prince William Sound	Pink	2008	3.39	0.37	42354	143620	53139	143618.9189	53139.4
Prince William Sound	Pink	2007	3.36	0.19	63470	213455	40714	214284.2105	40556.45
Prince William Sound	Pink	2006	3.6	0.17	21722	78288	13309	78288.23529	13308.96
Prince William Sound	Pink	2005	3.46	0.12	59945	207217	24866	207216.6667	24866.04
Prince William Sound	Pink	2004	3.72	0.12	23531	87449	10495	87458.33333	10493.88
Prince William Sound	Pink	2003	3.64	0.09	51976	189442	17050	189444.4444	17049.78
Prince William Sound	Pink	2002	3.47	0.12	18951	65795	7895	65791.66667	7895.4
Prince William Sound	Pink	2001	3.39	0.14	35250	119460	16720	119428.5714	16724.4
Prince William Sound	Pink	2000	3.34	0.15	38890	132990	20350	135666.6667	19948.5
Prince William Sound	Pink	1999	2.97	0.14	45010	133690	18720	133714.2857	18716.6
Prince William Sound	Pink	1998	3.67	0.15	28690	105310	15800	105333.3333	15796.5
Prince William Sound	Pink	1997	3.75	0.14	25434	96890	13570	96928.57143	13564.6
Prince William Sound	Pink	1996	3.63	0.08	26020	94460	7560	94500	7556.8
Prince William Sound	Pink	1995	3.6	0.21	16070	57280	12030	57285.71429	12028.8
Prince William Sound	Pink	1994	3.12	0.19	36890	115090	21870	115105.2632	21867.1
Prince William Sound	Chum	2016	6.91	0.57	3431	23712	13629	23910.52632	13515.84
Prince William Sound	Chum	2015	5.38	0.61	2544	13679	8331	13657.37705	8344.19
Prince William Sound	Chum	2014	7.62	0.64	1530	11659	7449	11639.0625	7461.76
Prince William Sound	Chum	2013	7.32	0.6	4006	29325	17475	29125	17595
Prince William Sound	Chum	2012	7.12	0.76	3818	27188	20755	27309.21053	20662.88
Prince William Sound	Chum	2011	7.41	0.9	1910	14156	12773	14192.22222	12740.4
Prince William Sound	Chum	2010	6.81	0.81	4323	29431	23904	29511.11111	23839.11
Prince William Sound	Chum	2009	7.52	0.56	3221	24232	13478	24067.85714	13569.92
Prince William Sound	Chum	2008	7.76	0.58	5076	39373	22837	39374.13793	22836.34
Prince William Sound	Chum	2007	6.93	0.34	3579	24799	8551	25150	8431.66
Prince William Sound	Chum	2006	8.71	0.37	2182	19008	7033	19008.10811	7032.96
Prince William Sound	Chum	2005	7.87	0.3	2099	16525	4958	16526.66667	4957.5
Prince William Sound	Chum	2004	7.52	0.22	2002	15047	3257	14804.54545	3310.34
Prince William Sound	Chum	2003	6.38	0.18	3804	24285	4371	24283.33333	4371.3
Prince William Sound	Chum	2002	8.249607782	0.16	6374	52583	8413	52581.25	8413.28
Prince William Sound	Chum	2001	7.58	0.4	3100	23500	9400	23500	9400
Prince William Sound	Chum	2000	8.04	0.28	5160	41520	11540	41214.28571	11625.6
Prince William Sound	Chum	1999	8.24	0.26	1960	16160	4200	16153.84615	4201.6
Prince William Sound	Chum	1998	8.19	0.3	1270	10420	3130	10433.33333	3126
Prince William Sound	Chum	1997	8.61	0.32	2230	19180	6140	19187.5	6137.6
Prince William Sound	Chum	1996	8.68	0.18	2390	20740	3730	20722.22222	3733.2
Prince William Sound	Chum	1995	7.9	0.44	760	5960	2620	5954.545455	2622.4
Prince William Sound	Chum	1994	8.48	0.46	1060	8970	4130	8978.26087	4126.2
Cook Inlet	Chinook	2016	17.8	2.52	11	188	473	187.6984127	473.76
Cook Inlet	Chinook	2015	16	2.05	11	176	361	176.097561	360.8
Cook Inlet	Chinook	2014	15.35	2.84	5	72	204	71.83098592	204.48
Cook Inlet	Chinook	2013	12.98	2.89	5	71	206	71.28027682	205.19
Cook Inlet	Chinook	2012	16.87	3.37	3	43	145	43.02670623	144.91
Cook Inlet	Chinook	2011	20.31	2.94	11	226	663	225.5102041	664.44
Cook Inlet	Chinook	2010	20.68	2.97	10	203	6041	2034.006734	602.91
Cook Inlet	Chinook	2009	17.32	2.55	9	150	383	150.1960784	382.5
Cook Inlet	Chinook	2008	23.22	2.84	13	313	890	313.3802817	888.92
Cook Inlet	Chinook	2007	20.5	2.02	18	369	745	368.8118812	745.38
Cook Inlet	Chinook	2006	19.28	1.89	19	362	685	362.4338624	684.18
Cook Inlet	Chinook	2005	24.34	1.22	29	701	856	701.6393443	855.22
Cook Inlet	Chinook	2004	23.91	1.12	29	697	780	696.4285714	780.64
Cook Inlet	Chinook	2003	19.65	1.15	20	393	452	393.0434783	451.95
Cook Inlet	Chinook	2002	21.79	1.15	14	305	351	305.2173913	350.75
Cook Inlet	Chinook	2001	17.79	1.09	10	180	200	183.4862385	196.2
Cook Inlet	Chinook	2000	25.28	1.21	10	210	260	214.8760331	254.1
Cook Inlet	Chinook	1999	22.88	1.18	20	370	440	372.8813559	436.6
Cook Inlet	Chinook	1998	21.63	1.25	10	200	250	200	250
Cook Inlet	Chinook	1997	26.38	0.98	13	380	380	387.755102	372.4
Cook Inlet	Chinook	1996	22	1.15	20	360	410	356.5217391	414
Cook Inlet	Chinook	1995	24.6	0.99	20	530	530	535.3535354	524.7
Cook Inlet	Chinook	1994	30.61	0.93	20	650	600	645.1612903	604.5
Cook Inlet	Sockeye	2016	5.7	1.53	2643	15010	22978	15018.30065	22965.3
Cook Inlet	Sockeye	2015	5.32	1.59	2840	15100	23992	15089.30818	24009
Cook Inlet	Sockeye	2014	6.06	2.25	2563	15536	34993	15552.44444	34956
Cook Inlet	Sockeye	2013	6.25	2.25	2743	17141	38492	17107.55556	38567.25
Cook Inlet	Sockeye	2012	6.71	1.44	3328	22317	32177	22345.13889	32136.48
Cook Inlet	Sockeye	2011	6.39	1.38	5667	36216	50145	36336.95652	49978.08
Cook Inlet	Sockeye	2010	6.12	1.65	2926	17905	29603	17941.21212	29543.25
Cook Inlet	Sockeye	2009	6.01	1.27	2337	14036	17894	14089.76378	17825.72
Cook Inlet	Sockeye	2008	5.75	1.26	2796	16089	20272	16088.88889	20272.14
Cook Inlet	Sockeye	2007	6.12	1	3694	22591	22635	22635	22591
Cook Inlet	Sockeye	2006	5.05	1.07	2428	12266	13125	12266.35514	13124.62
Cook Inlet	Sockeye	2005	5.98	0.94	5483	32812	30843	32811.70213	30843.28
Cook Inlet	Sockeye	2004	6.03	0.71	5061	30531	21665	30514.08451	21677.01
Cook Inlet	Sockeye	2003	5.76	0.65	4134	23828	15488	23827.69231	15488.2
Cook Inlet	Sockeye	2002	6.3	0.56	3102	19558	10952	19557.14286	10952.48
Cook Inlet	Sockeye	2001	5.89	0.65	2050	12060	7840	12061.53846	7839
Cook Inlet	Sockeye	2000	6.75	0.85	1570	10590	9000	10588.23529	9001.5
Cook Inlet	Sockeye	1999	5.59	1.34	3190	17840	23910	17843.28358	23905.6
Cook Inlet	Sockeye	1998	5.31	1.35	1510	8030	10840	8029.62963	10840.5
Cook Inlet	Sockeye	1997	6.44	1.15	4450	28640	32940	28643.47826	32936
Cook Inlet	Sockeye	1996	6.2	1.15	4050	25130	28890	25121.73913	28899.5
Cook Inlet	Sockeye	1995	5.6	1.18	3240	18030	21270	18025.42373	21275.4
Cook Inlet	Sockeye	1994	5.64	1.45	3710	20900	30300	20896.55172	30305
Cook Inlet	Coho	2016	6.3	0.6	139	879	530	883.3333333	527.4
Cook Inlet	Coho	2015	5.88	0.6	218	1282	770	1283.333333	769.2
Cook Inlet	Coho	2014	6.14	0.9	135	829	746	828.8888889	746.1
Cook Inlet	Coho	2013	6.11	0.85	257	1572	1340	1576.470588	1336.2
Cook Inlet	Coho	2012	6.02	0.76	107	647	492	647.3684211	491.72
Cook Inlet	Coho	2011	5.72	0.77	96	547	423	549.3506494	421.19
Cook Inlet	Coho	2010	6.58	0.97	209	1374	1326	1367.010309	1332.78
Cook Inlet	Coho	2009	6.54	0.79	155	1015	798	1010.126582	801.85
Cook Inlet	Coho	2008	7.02	0.64	176	1234	789	1232.8125	789.76
Cook Inlet	Coho	2007	6.43	0.56	184	1184	658	1175	663.04
Cook Inlet	Coho	2006	6.52	0.66	212	1379	910	1378.787879	910.14
Cook Inlet	Coho	2005	6.32	0.52	234	1482	771	1482.692308	770.64
Cook Inlet	Coho	2004	6.72	0.35	323	2173	751	2145.714286	760.55
Cook Inlet	Coho	2003	6.5	0.27	114	741	200	740.7407407	200.07
Cook Inlet	Coho	2002	6.74	0.22	258	1738	382	1736.363636	382.36
Cook Inlet	Coho	2001	6.61	0.3	120	800	240	800	240
Cook Inlet	Coho	2000	7.2	0.4	250	1790	720	1800	716
Cook Inlet	Coho	1999	5.88	0.45	130	790	360	800	355.5
Cook Inlet	Coho	1998	6.97	0.55	180	1260	690	1254.545455	693
Cook Inlet	Coho	1997	6.43	0.4	160	1050	420	1050	420
Cook Inlet	Coho	1996	6.5	0.5	330	2120	1060	2120	1060
Cook Inlet	Coho	1995	6.5	0.49	470	3020	1480	3020.408163	1479.8
Cook Inlet	Coho	1994	7.18	0.67	600	4300	2880	4298.507463	2881
Cook Inlet	Pink	2016	4.3	0.2	476	2046	408	2040	409.2
Cook Inlet	Pink	2015	3.17	0.21	6398	20254	4260	20285.71429	4253.34
Cook Inlet	Pink	2014	3.6	0.26	904	3254	841	3234.615385	846.04
Cook Inlet	Pink	2013	3.1	0.38	2097	6500	2465	6486.842105	2470
Cook Inlet	Pink	2012	3.57	0.33	726	2595	847	2566.666667	856.35
Cook Inlet	Pink	2011	2.91	0.42	396	1152	479	1140.47619	483.84
Cook Inlet	Pink	2010	3.95	0.31	571	2253	696	2245.16129	698.43
Cook Inlet	Pink	2009	3.12	0.23	1204	3754	850	3695.652174	863.42
Cook Inlet	Pink	2008	3.62	0.3	675	2445	733	2443.333333	733.5
Cook Inlet	Pink	2007	3.35	0.07	435	1456	99	1414.285714	101.92
Cook Inlet	Pink	2006	3.72	0.12	1877	6984	838	6983.333333	838.08
Cook Inlet	Pink	2005	3.4	0.1	2356	8019	802	8020	801.9
Cook Inlet	Pink	2004	3.5	0.09	2875	10074	886	9844.444444	906.66
Cook Inlet	Pink	2003	3.25	0.07	907	2947	206	2942.857143	206.29
Cook Inlet	Pink	2002	3.46	0.07	2441	8444	591	8442.857143	591.08
Cook Inlet	Pink	2001	3.12	0.13	670	2080	270	2076.923077	270.4
Cook Inlet	Pink	2000	2.51	0.14	1540	3850	420	3000	539
Cook Inlet	Pink	1999	2.52	0.16	1160	2910	470	2937.5	465.6
Cook Inlet	Pink	1998	3.3	0.12	2010	6630	800	6666.666667	795.6
Cook Inlet	Pink	1997	3.09	0.14	2890	8910	1250	8928.571429	1247.4
Cook Inlet	Pink	1996	2.83	0.07	670	1910	130	1857.142857	133.7
Cook Inlet	Pink	1995	2.9	0.17	2980	8730	1480	8705.882353	1484.1
Cook Inlet	Pink	1994	3.22	0.15	2170	6990	1050	7000	1048.5
Cook Inlet	Chum	2016	7	0.43	201	1407	609	1416.27907	605.01
Cook Inlet	Chum	2015	6.71	0.41	3.82	2565	1048	2556.097561	1051.65
Cook Inlet	Chum	2014	7.4	0.53	189	1395	741	1398.113208	739.35
Cook Inlet	Chum	2013	7.62	0.43	193	1472	630	1465.116279	632.96
Cook Inlet	Chum	2012	8.08	0.51	326	2634	1347	2641.176471	1343.34
Cook Inlet	Chum	2011	6.67	0.68	161	1073	735	1080.882353	729.64
Cook Inlet	Chum	2010	7.24	0.65	324	2345	1531	2355.384615	1524.25
Cook Inlet	Chum	2009	7.52	0.4	157	1178	471	1177.5	471.2
Cook Inlet	Chum	2008	8.04	0.54	226	1821	983	1820.37037	983.34
Cook Inlet	Chum	2007	7.34	0.21	79	580	121	576.1904762	121.8
Cook Inlet	Chum	2006	7.97	0.3	137	1090	327	1090	327
Cook Inlet	Chum	2005	8.02	0.23	169	1354	311	1352.173913	311.42
Cook Inlet	Chum	2004	7.87	0.17	352	2772	463	2723.529412	471.24
Cook Inlet	Chum	2003	6.96	0.13	158	1100	143	1100	143
Cook Inlet	Chum	2002	7.89	0.14	287	2265	317	2264.285714	317.1
Cook Inlet	Chum	2001	8.12	0.29	170	1430	410	1413.793103	414.7
Cook Inlet	Chum	2000	8.1	0.18	200	1620	300	1666.666667	291.6
Cook Inlet	Chum	1999	7.99	0.18	180	1470	270	1500	264.6
Cook Inlet	Chum	1998	7.27	0.15	100	740	110	733.3333333	111
Cook Inlet	Chum	1997	7.33	0.21	110	810	170	809.5238095	170.1
Cook Inlet	Chum	1996	10	0.12	160	1610	190	1583.333333	193.2
Cook Inlet	Chum	1995	7.2	0.26	580	4150	1080	4153.846154	1079
Cook Inlet	Chum	1994	6.89	0.29	330	2300	670	2310.344828	667
Bristol Bay	Chinook	2016	12.6	0.67	30	372	249	371.641791	249.24
Bristol Bay	Chinook	2015	15.1	0.5	53	792	396	792	396
Bristol Bay	Chinook	2014	14.9	0.8	13	190	152	190	152
Bristol Bay	Chinook	2013	18	0.77	19	350	266	345.4545455	269.5
Bristol Bay	Chinook	2012	14.37	1.17	19	267	313	267.5213675	312.39
Bristol Bay	Chinook	2011	13	0.88	36	462	406	461.3636364	406.56
Bristol Bay	Chinook	2010	14.11	1.02	32	454	464	454.9019608	463.08
Bristol Bay	Chinook	2009	15.19	0.89	31	469	417	468.5393258	417.41
Bristol Bay	Chinook	2008	15.33	0.83	25	383	318	383.1325301	317.89
Bristol Bay	Chinook	2007	13.44	0.64	63	847	540	843.75	542.08
Bristol Bay	Chinook	2006	16.79	0.71	107	1796	1275	1795.774648	1275.16
Bristol Bay	Chinook	2005	16.34	0.58	77	1263	733	1263.793103	732.54
Bristol Bay	Chinook	2004	15.08	0.37	115	1730	646	1745.945946	640.1
Bristol Bay	Chinook	2003	16.06	0.32	48	771	231	721.875	246.72
Bristol Bay	Chinook	2002	18.13	0.31	45	816	253	816.1290323	252.96
Bristol Bay	Chinook	2001	17.45	0.31	20	430	130	419.3548387	133.3
Bristol Bay	Chinook	2000	15.67	0.48	20	360	170	354.1666667	172.8
Bristol Bay	Chinook	1999	14.55	0.53	30	390	210	396.2264151	206.7
Bristol Bay	Chinook	1998	16.74	0.5	140	2270	1140	2280	1135
Bristol Bay	Chinook	1997	16.43	0.52	80	1260	660	1269.230769	655.2
Bristol Bay	Chinook	1996	17.98	0.5	90	1570	790	1580	785
Bristol Bay	Chinook	1995	19.77	0.66	100	1960	1300	1969.69697	1293.6
Bristol Bay	Chinook	1994	18.04	0.64	140	2540	1630	2546.875	1625.6
Bristol Bay	Sockeye	2016	5.4	0.76	37330	201584	153204	201584.2105	153203.84
Bristol Bay	Sockeye	2015	5.2	0.5	35673	184792	92396	184792	92396
Bristol Bay	Sockeye	2014	5.6	1.2	28810	160576	192691	160575.8333	192691.2
Bristol Bay	Sockeye	2013	6	1.5	15400	92000	138000	92000	138000
Bristol Bay	Sockeye	2012	5.7	1.17	20915	119209	139980	119641.0256	139474.53
Bristol Bay	Sockeye	2011	6.1	1.18	22099	134722	158383	134222.8814	158971.96
Bristol Bay	Sockeye	2010	5.85	1.06	29052	169834	180818	170583.0189	180024.04
Bristol Bay	Sockeye	2009	5.93	0.79	30861	183073	144200	182531.6456	144627.67
Bristol Bay	Sockeye	2008	5.78	0.73	27678	159887	116717	159886.3014	116717.51
Bristol Bay	Sockeye	2007	5.82	0.67	29773	173334	115763	172780.597	116133.78
Bristol Bay	Sockeye	2006	5.77	0.66	28493	164500	108570	164500	108570
Bristol Bay	Sockeye	2005	6.32	0.61	24525	155010	94556	155009.8361	94556.1
Bristol Bay	Sockeye	2004	5.78	0.5	26265	151695	76461	152922	75847.5
Bristol Bay	Sockeye	2003	6.32	0.51	14766	93392	47630	93392.15686	47629.92
Bristol Bay	Sockeye	2002	6.08	0.49	10679	64975	31838	64975.5102	31837.75
Bristol Bay	Sockeye	2001	6.74	0.42	14180	95640	40170	95642.85714	40168.8
Bristol Bay	Sockeye	2000	6.11	0.64	20530	125450	80290	125453.125	80288
Bristol Bay	Sockeye	1999	5.29	0.83	26100	138070	114600	138072.2892	114598.1
Bristol Bay	Sockeye	1998	5.75	1.2	10040	57720	69260	57716.66667	69264
Bristol Bay	Sockeye	1997	5.98	0.9	12160	72710	65440	72711.11111	65439
Bristol Bay	Sockeye	1996	6.26	0.75	29650	185610	139210	185613.3333	139207.5
Bristol Bay	Sockeye	1995	5.5	0.77	44270	243530	187520	243532.4675	187518.1
Bristol Bay	Sockeye	1994	5.55	0.97	35220	195490	189630	195494.8454	189625.3
Bristol Bay	Coho	2016	5.8	0.49	91	530	260	530.6122449	259.7
Bristol Bay	Coho	2015	6.7	0.25	31	206	52	208	51.5
Bristol Bay	Coho	2014	6	0.9	266	1591	1431	1590	1431.9
Bristol Bay	Coho	2013	6	0.8	135	810	648	810	648
Bristol Bay	Coho	2012	5.45	0.51	116	631	321	629.4117647	321.81
Bristol Bay	Coho	2011	6.2	0.63	13	83	52	82.53968254	52.29
Bristol Bay	Coho	2010	6.71	0.64	109	728	469	732.8125	465.92
Bristol Bay	Coho	2009	6.5	0.56	59	385	216	385.7142857	215.6
Bristol Bay	Coho	2008	6.44	0.53	117	754	399	752.8301887	399.62
Bristol Bay	Coho	2007	6.44	0.41	52	335	136	331.7073171	137.35
Bristol Bay	Coho	2006	6.43	0.38	79	511	194	510.5263158	194.18
Bristol Bay	Coho	2005	7.01	0.43	75	523	225	523.255814	224.89
Bristol Bay	Coho	2004	6.93	0.31	72	501	158	509.6774194	155.31
Bristol Bay	Coho	2003	6.74	0.16	43	290	46	287.5	46.4
Bristol Bay	Coho	2002	7.38	0.32	8	59	19	59.375	18.88
Bristol Bay	Coho	2001	7.14	0.33	20	120	40	121.2121212	39.6
Bristol Bay	Coho	2000	7.61	0.38	130	960	360	947.3684211	364.8
Bristol Bay	Coho	1999	6.9	0.72	20	130	100	138.8888889	93.6
Bristol Bay	Coho	1998	8.32	0.5	130	1050	520	1040	525
Bristol Bay	Coho	1997	7.26	0.5	370	180	90	180	90
Bristol Bay	Coho	1996	6.82	0.3	120	840	250	833.3333333	252
Bristol Bay	Coho	1995	6.67	0.43	50	330	140	325.5813953	141.9
Bristol Bay	Coho	1994	8.2	0.71	180	1440	1020	1436.619718	1022.4
Bristol Bay	Pink	2016	4	0.15	752	3007	451	3006.666667	451.05
Bristol Bay	Pink	2015	3.7	0.2	3	8	1.6	8	1.6
Bristol Bay	Pink	2014	3.5	0.28	1302	4533	1269	4532.142857	1269.24
Bristol Bay	Pink	2013	3	0.3	1	2	0.6	2	0.6
Bristol Bay	Pink	2012	3.11	0.39	906	2822	1091	2797.435897	1100.58
Bristol Bay	Pink	2011	3.05	0.28	1	2	0.56	2	0.56
Bristol Bay	Pink	2010	3.3	0.36	1334	4400	1565	4347.222222	1584
Bristol Bay	Pink	2009	3.27	0.07	1	2	0.14	2	0.14
Bristol Bay	Pink	2008	3.55	0.17	285	1013	172	1011.764706	172.21
Bristol Bay	Pink	2007	3.49	0.03	1	5	0.15	5	0.15
Bristol Bay	Pink	2006	3.72	0.03	146	541	16	533.3333333	16.23
Bristol Bay	Pink	2005	3.47	0.02	3	9	0.18	9	0.18
Bristol Bay	Pink	2004	4.12	0.09	53	217	19	211.1111111	19.53
Bristol Bay	Pink	2003	4.9	0.07	0.2	1	0.07	1	0.07
Bristol Bay	Pink	2002	3.8	0.06	0.5	2	0.12	2	0.12
Bristol Bay	Pink	2001	2.75	0.09	0.1	0.27	0.02	0.222222222	0.0243
Bristol Bay	Pink	2000	3.66	0.08	60	210	20	250	16.8
Bristol Bay	Pink	1999	3.3	0.09	0	0	0	0	0
Bristol Bay	Pink	1998	3.31	0.1	30	80	10	100	8
Bristol Bay	Pink	1997	3.38	0.07	0	0	0	0	0
Bristol Bay	Pink	1996	3.5	0.1	40	130	10	100	13
Bristol Bay	Pink	1995	3.55	0.14	0	0	0	0	0
Bristol Bay	Pink	1994	3.78	0.12	90	340	40	333.3333333	40.8
Bristol Bay	Chum	2016	6	0.32	1042	6254	2001	6253.125	2001.28
Bristol Bay	Chum	2015	6.1	0.3	930	5700	1995	6650	1710
Bristol Bay	Chum	2014	6.2	0.3	557	3459	1038	3460	1037.7
Bristol Bay	Chum	2013	6	0.3	870	5600	1670	5566.666667	1680
Bristol Bay	Chum	2012	6.3	0.34	679	4281	1470	4323.529412	1455.54
Bristol Bay	Chum	2011	6.41	0.37	702	4501	1649	4456.756757	1665.37
Bristol Bay	Chum	2010	6.09	0.28	1001	6093	1711	6110.714286	1706.04
Bristol Bay	Chum	2009	6.25	0.17	1324	8275	1442	8482.352941	1406.75
Bristol Bay	Chum	2008	6.22	0.17	1260	7831	1331	7829.411765	1331.27
Bristol Bay	Chum	2007	6.06	0.13	1940	11751	1555	11961.53846	1527.63
Bristol Bay	Chum	2006	6.15	0.12	2244	13807	1657	13808.33333	1656.84
Bristol Bay	Chum	2005	6.52	0.11	1397	9108	1002	9109.090909	1001.88
Bristol Bay	Chum	2004	6.36	0.09	733	4662	398	4422.222222	419.58
Bristol Bay	Chum	2003	6.46	0.07	933	6027	422	6028.571429	421.89
Bristol Bay	Chum	2002	6.73	0.09	468	3150	284	3155.555556	283.5
Bristol Bay	Chum	2001	7.18	0.11	830	5970	660	6000	656.7
Bristol Bay	Chum	2000	6.88	0.09	380	2620	240	2666.666667	235.8
Bristol Bay	Chum	1999	6.86	0.1	250	1680	170	1700	168
Bristol Bay	Chum	1998	6.22	0.12	400	2460	300	2500	295.2
Bristol Bay	Chum	1997	6.33	0.1	320	2010	200	2000	201
Bristol Bay	Chum	1996	7.3	0.1	840	6150	610	6100	615
Bristol Bay	Chum	1995	6.34	0.2	980	6220	1240	6200	1244
Bristol Bay	Chum	1994	6.24	0.22	900	5580	1230	5590.909091	1227.6
Kodiak	Chinook	2016	8.4	1.93	8	65	126	65.28497409	125.45
Kodiak	Chinook	2015	9.1	0.96	9	77	74	77.08333333	73.92
Kodiak	Chinook	2014	7.3	1.44	9	63	88	61.11111111	90.72
Kodiak	Chinook	2013	7.5	0.79	34	255	202	255.6962025	201.45
Kodiak	Chinook	2012	7.37	1.47	2235	12422	18254	12417.68707	18260.34
Kodiak	Chinook	2011	9.38	0.84	18	173	145	172.6190476	145.32
Kodiak	Chinook	2010	7.98	0.73	15	116	84	115.0684932	84.68
Kodiak	Chinook	2009	9.17	0.68	7	66	45	66.17647059	44.88
Kodiak	Chinook	2008	8.07	1	17	139	139	139	139
Kodiak	Chinook	2007	9.65	0.89	17	164	146	164.0449438	145.96
Kodiak	Chinook	2006	10.32	0.94	20	210	198	210.6382979	197.4
Kodiak	Chinook	2005	11.68	0.76	14	169	128	168.4210526	128.44
Kodiak	Chinook	2004	11.36	0.51	29	328	169	331.372549	167.28
Kodiak	Chinook	2003	10	0.35	19	190	67	191.4285714	66.5
Kodiak	Chinook	2002	10.16	0.37	19	193	71	191.8918919	71.41
Kodiak	Chinook	2001	13.88	0.72	20	330	240	333.3333333	237.6
Kodiak	Chinook	2000	14.9	0.75	10	180	140	186.6666667	135
Kodiak	Chinook	1999	12.71	0.68	20	230	160	235.2941176	156.4
Kodiak	Chinook	1998	14.37	0.75	20	250	190	253.3333333	187.5
Kodiak	Chinook	1997	9.98	0.64	20	190	120	187.5	121.6
Kodiak	Chinook	1996	13.7	0.5	13	180	90	180	90
Kodiak	Chinook	1995	13.78	0.69	20	260	180	260.8695652	179.4
Kodiak	Chinook	1994	13.95	0.73	20	310	230	315.0684932	226.3
Kodiak	Sockeye	2016	5.18	0.99	2079	10727	10691	10798.9899	10619.73
Kodiak	Sockeye	2015	4.86	0.89	3104	15058	13402	15058.42697	13401.62
Kodiak	Sockeye	2014	5.22	1.78	3257	17007	30158	16942.69663	30272.46
Kodiak	Sockeye	2013	5.76	1.59	2570	14792	23511	14786.79245	23519.28
Kodiak	Sockeye	2012	5.56	1.47	2235	12422	18254	12417.68707	18260.34
Kodiak	Sockeye	2011	5.92	1.53	2268	13436	20517	13409.80392	20557.08
Kodiak	Sockeye	2010	5.35	1.41	1437	7692	10864	7704.964539	10845.72
Kodiak	Sockeye	2009	5.7	1.12	1727	9842	11064	9878.571429	11023.04
Kodiak	Sockeye	2008	5.53	1.19	1822	10077	11991	10076.47059	11991.63
Kodiak	Sockeye	2007	5.65	1	2014	11375	11360	11360	11375
Kodiak	Sockeye	2006	5.11	0.84	1586	8095	6800	8095.238095	6799.8
Kodiak	Sockeye	2005	5.48	0.77	3052	16735	12886	16735.06494	12885.95
Kodiak	Sockeye	2004	5.29	0.6	4170	22061	13214	22023.33333	13236.6
Kodiak	Sockeye	2003	5.46	0.59	4054	21735	12824	21735.59322	12823.65
Kodiak	Sockeye	2002	5.65	0.61	1831	10347	6312	10347.54098	6311.67
Kodiak	Sockeye	2001	5.54	0.7	2660	14740	10320	14742.85714	10318
Kodiak	Sockeye	2000	5.7	0.85	2910	16590	14100	16588.23529	14101.5
Kodiak	Sockeye	1999	5.6	1.08	4650	26060	28140	26055.55556	28144.8
Kodiak	Sockeye	1998	4.84	1	3620	17540	17540	17540	17540
Kodiak	Sockeye	1997	5.25	0.96	2510	13160	12640	13166.66667	12633.6
Kodiak	Sockeye	1996	5.7	0.8	4925	28070	22460	28075	22456
Kodiak	Sockeye	1995	5.11	1.05	4490	22930	24080	22933.33333	24076.5
Kodiak	Sockeye	1994	4.98	1.28	2880	14340	18360	14343.75	18355.2
Kodiak	Coho	2016	7.36	0.61	209	1535	936	1534.42623	936.35
Kodiak	Coho	2015	6.04	0.36	417	2517	906	2516.666667	906.12
Kodiak	Coho	2014	7.74	0.66	474	3662	2401	3637.878788	2416.92
Kodiak	Coho	2013	6.62	0.45	268	1777	804	1786.666667	799.65
Kodiak	Coho	2012	6.96	0.77	209	1452	1116	1449.350649	1118.04
Kodiak	Coho	2011	6.67	0.82	188	1258	1026	1251.219512	1031.56
Kodiak	Coho	2010	7.53	0.79	266	2007	1587	2008.860759	1585.53
Kodiak	Coho	2009	6.62	0.61	289	1910	1163	1906.557377	1165.1
Kodiak	Coho	2008	8.08	1.2	301	2436	2924	2436.666667	2923.2
Kodiak	Coho	2007	7.37	0.6	357	2631	1572	2620	1578.6
Kodiak	Coho	2006	7.8	0.66	556	4339	2863	4337.878788	2863.74
Kodiak	Coho	2005	7.53	0.42	397	2987	1255	2988.095238	1254.54
Kodiak	Coho	2004	7.69	0.26	490	3768	986	3792.307692	979.68
Kodiak	Coho	2003	7.69	0.2	352	2708	542	2710	541.6
Kodiak	Coho	2002	7.7	0.18	504	3883	699	3883.333333	698.94
Kodiak	Coho	2001	7.78	0.24	410	3180	760	3166.666667	763.2
Kodiak	Coho	2000	8	0.5	330	2630	1310	2620	1315
Kodiak	Coho	1999	7.41	0.41	300	2200	900	2195.121951	902
Kodiak	Coho	1998	8.45	0.5	430	3590	1800	3600	1795
Kodiak	Coho	1997	7.97	0.56	380	3040	1700	3035.714286	1702.4
Kodiak	Coho	1996	7.5	0.25	195	1460	365	1460	365
Kodiak	Coho	1995	8.03	0.4	310	2470	990	2475	988
Kodiak	Coho	1994	8.69	0.67	300	2570	1720	2567.164179	1721.9
Kodiak	Pink	2016	4.49	0.21	3236	15091	3169	15090.47619	3169.11
Kodiak	Pink	2015	3.32	0.19	33008	109452	20796	109452.6316	20795.88
Kodiak	Pink	2014	3.51	0.33	10678	37431	12188	36933.33333	12352.23
Kodiak	Pink	2013	3.16	0.39	28162	89068	34599	88715.38462	34736.52
Kodiak	Pink	2012	3.58	0.47	16873	60417	28372	60365.95745	28395.99
Kodiak	Pink	2011	3.21	0.46	16642	53423	24728	53756.52174	24574.58
Kodiak	Pink	2010	3.63	0.44	8864	32175	14104	32054.54545	14157
Kodiak	Pink	2009	3.31	0.26	27684	91569	23560	90615.38462	23807.94
Kodiak	Pink	2008	3.7	0.36	8789	32532	11711	32530.55556	11711.52
Kodiak	Pink	2007	3.64	0.2	24811	90190	17703	88515	18038
Kodiak	Pink	2006	3.7	0.16	31694	117388	18782	117387.5	18782.08
Kodiak	Pink	2005	3.41	0.12	30144	102807	12337	102808.3333	12336.84
Kodiak	Pink	2004	3.64	0.09	21441	78082	7321	81344.44444	7027.38
Kodiak	Pink	2003	3.55	0.09	14067	49940	4495	49944.44444	4494.6
Kodiak	Pink	2002	3.68	0.08	18329	67510	5401	67512.5	5400.8
Kodiak	Pink	2001	3.44	0.12	19570	67370	8080	67333.33333	8084.4
Kodiak	Pink	2000	3.3	0.12	9930	32770	3930	32750	3932.4
Kodiak	Pink	1999	3.06	0.14	11900	36410	5100	36428.57143	5097.4
Kodiak	Pink	1998	3.71	0.12	22060	81850	9820	81833.33333	9822
Kodiak	Pink	1997	3.38	0.15	11040	37270	5590	37266.66667	5590.5
Kodiak	Pink	1996	3.5	0.05	3650	12775	640	12800	638.75
Kodiak	Pink	1995	3.51	0.17	42800	150390	25570	150411.7647	25566.3
Kodiak	Pink	1994	3.81	0.18	8160	31090	5600	31111.11111	5596.2
Kodiak	Chum	2016	6.85	0.28	405	2774	777	2775	776.72
Kodiak	Chum	2015	7.05	0.4	772	5433	2174	5435	2173.2
Kodiak	Chum	2014	7.59	0.48	337	2556	1215	2531.25	1226.88
Kodiak	Chum	2013	7.83	0.45	792	6203	2785	6188.888889	2791.35
Kodiak	Chum	2012	7.88	0.6	866	6824	4109	6848.333333	4094.4
Kodiak	Chum	2011	6.75	0.69	824	5565	3846	5573.913043	3839.85
Kodiak	Chum	2010	7.67	0.56	734	5634	3157	5637.5	3155.04
Kodiak	Chum	2009	7.72	0.44	956	7381	3235	7352.272727	3247.64
Kodiak	Chum	2008	8.41	0.5	908	7639	3820	7640	3819.5
Kodiak	Chum	2007	7.77	0.35	729	5667	1995	5700	1983.45
Kodiak	Chum	2006	8.41	0.33	1082	9101	3003	9100	3003.33
Kodiak	Chum	2005	7.82	0.2	477	3732	746	3730	746.4
Kodiak	Chum	2004	7.66	0.12	1122	8596	1056	8800	1031.52
Kodiak	Chum	2003	7.16	0.14	1152	8251	1155	8250	1155.14
Kodiak	Chum	2002	7.79	0.16	650	5062	810	5062.5	809.92
Kodiak	Chum	2001	8.16	0.32	1050	8600	2750	8593.75	2752
Kodiak	Chum	2000	8.2	0.2	1190	9790	1960	9800	1958
Kodiak	Chum	1999	7.9	0.15	910	7220	1080	7200	1083
Kodiak	Chum	1998	7.8	0.2	320	2470	490	2450	494
Kodiak	Chum	1997	7.99	0.19	520	4160	790	4157.894737	790.4
Kodiak	Chum	1996	8.2	0.15	512	4200	630	4200	630
Kodiak	Chum	1995	7.49	0.27	1520	11410	3080	11407.40741	3080.7
Kodiak	Chum	1994	7.43	0.2	740	5490	1100	5500	1098
Chignik	Chinook	2016	7.5	1.14	21	155	177	155.2631579	176.7
Chignik	Chinook	2015	8.12	1.01	10	72	75	74.25742574	72.72
Chignik	Chinook	2014	8.6	0.88	9	76	67	76.13636364	66.88
Chignik	Chinook	2013	12.19	1.07	3	36	39	36.44859813	38.52
Chignik	Chinook	2012	13.44	1.12	4	49	55	49.10714286	54.88
Chignik	Chinook	2011	11.23	0.98	6	72	71	72.44897959	70.56
Chignik	Chinook	2010	10.55	1.02	9	93	96	94.11764706	94.86
Chignik	Chinook	2009	9.49	1.01	3	31	31	30.69306931	31.31
Chignik	Chinook	2008	15.27	1.05	1	15	16	15.23809524	15.75
Chignik	Chinook	2007	15	0.86	2	30	26	30.23255814	25.8
Chignik	Chinook	2006	17.54	0.82	2	40	32	39.02439024	32.8
Chignik	Chinook	2005	18.13	0.57	3	62	35	61.40350877	35.34
Chignik	Chinook	2004	18.65	0.41	3	47	19	46.34146341	19.27
Chignik	Chinook	2003	14.67	0.49	3	44	22	44.89795918	21.56
Chignik	Chinook	2002	9.25	0.29	1	14	4	13.79310345	4.06
Chignik	Chinook	2001	13.4	0.32	3	40	10	31.25	12.8
Chignik	Chinook	2000	20	0.38	3	60	20	52.63157895	22.8
Chignik	Chinook	1999	16.17	0.48	3	60	30	62.5	28.8
Chignik	Chinook	1998	14.99	0.48	4	70	30	62.5	33.6
Chignik	Chinook	1997	15.42	0.42	3	50	20	47.61904762	21
Chignik	Chinook	1996	20.1	0.4	1	59	24	60	23.6
Chignik	Chinook	1995	20.24	0.54	10	110	60	111.1111111	59.4
Chignik	Chinook	1994	18.34	0.55	3.816793893	70	40	72.72727273	38.5
Chignik	Sockeye	2016	5.92	0.98	1386	8208	8044	8208.163265	8043.84
Chignik	Sockeye	2015	5.5	0.78	1541	8470	6601	8462.820513	6606.6
Chignik	Sockeye	2014	6.68	1.47	618	4125	6048	4114.285714	6063.75
Chignik	Sockeye	2013	7.11	1.29	2391	17006	21945	17011.62791	21937.74
Chignik	Sockeye	2012	6.81	1.26	1800	12263	15495	12297.61905	15451.38
Chignik	Sockeye	2011	7.17	1.3	2497	17889	23224	17864.61538	23255.7
Chignik	Sockeye	2010	6.51	1.27	1379	8974	11381	8961.417323	11396.98
Chignik	Sockeye	2009	6.9	0.98	1198	8262	8093	8258.163265	8096.76
Chignik	Sockeye	2008	6.89	0.88	687	4734	4166	4734.090909	4165.92
Chignik	Sockeye	2007	6.96	0.76	835	5809	4436	5836.842105	4414.84
Chignik	Sockeye	2006	6.48	0.72	903	5849	4211	5848.611111	4211.28
Chignik	Sockeye	2005	6.53	0.72	1152	7521	5415	7520.833333	5415.12
Chignik	Sockeye	2004	6.4	0.61	705	4510	2751	4509.836066	2751.1
Chignik	Sockeye	2003	6.54	0.81	1100	7190	5824	7190.123457	5823.9
Chignik	Sockeye	2002	6.89	0.73	1051	7245	5289	7245.205479	5288.85
Chignik	Sockeye	2001	7.32	0.68	1510	11070	7530	11073.52941	7527.6
Chignik	Sockeye	2000	7.42	0.88	1780	13210	11620	13204.54545	11624.8
Chignik	Sockeye	1999	6.6	1.07	3120	20570	22010	20570.09346	22009.9
Chignik	Sockeye	1998	6.11	1.03	1050	6440	6640	6446.601942	6633.2
Chignik	Sockeye	1997	6.31	0.93	770	4860	4520	4860.215054	4519.8
Chignik	Sockeye	1996	7	0.75	1910	14516	10887	14516	10887
Chignik	Sockeye	1995	6.68	1.08	1720	11520	12440	11518.51852	12441.6
Chignik	Sockeye	1994	6.27	0.91	1620	10150	9230	10142.85714	9236.5
Chignik	Coho	2016	6.98	0.24	94	658	158	658.3333333	157.92
Chignik	Coho	2015	6.38	0.19	83	524	102	536.8421053	99.56
Chignik	Coho	2014	8.25	0.4	130	1074	428	1070	429.6
Chignik	Coho	2013	7.05	0.38	3.32	225	87	228.9473684	85.5
Chignik	Coho	2012	6.78	0.44	33	226	100	227.2727273	99.44
Chignik	Coho	2011	6.77	0.53	77	519	275	518.8679245	275.07
Chignik	Coho	2010	7.15	0.49	159	1137	559	1140.816327	557.13
Chignik	Coho	2009	6.64	0.31	110	732	227	732.2580645	226.92
Chignik	Coho	2008	7.99	0.6	162	1290	774	1290	774
Chignik	Coho	2007	7.45	0.37	73	544	199	537.8378378	201.28
Chignik	Coho	2006	7.45	0.54	39	292	158	292.5925926	157.68
Chignik	Coho	2005	6.76	0.36	7	47	17	47.22222222	16.92
Chignik	Coho	2004	7.1375	0.23	0.1	0.7	0.161	0.7	0.161
Chignik	Coho	2003	8.25	0.15	104	858	129	860	128.7
Chignik	Coho	2002	7.37	0.15	49	361	54	360	54.15
Chignik	Coho	2001	7.7	0.25	130	1010	250	1000	252.5
Chignik	Coho	2000	7.92	0.28	120	970	270	964.2857143	271.6
Chignik	Coho	1999	6.89	0.44	90	620	270	613.6363636	272.8
Chignik	Coho	1998	8.07	0.38	130	920	140	368.4210526	349.6
Chignik	Coho	1997	8.32	0.33	90	760	250	757.5757576	250.8
Chignik	Coho	1996	7.6	0.3	160	1216	365	1216.666667	364.8
Chignik	Coho	1995	7.32	0.46	280	2060	950	2065.217391	947.6
Chignik	Coho	1994	8.38	0.54	240	1990	1070	1981.481481	1074.6
Chignik	Pink	2016	4	0.17	141	563	96	564.7058824	95.71
Chignik	Pink	2015	2.95	0.16	1979	5844	941	5881.25	935.04
Chignik	Pink	2014	3.23	0.25	349	1129	285	1140	282.25
Chignik	Pink	2013	2.99	0.33	875	2622	872	2642.424242	865.26
Chignik	Pink	2012	3.28	0.38	138	452	173	455.2631579	171.76
Chignik	Pink	2011	3.18	0.41	903	2876	1187	2895.121951	1179.16
Chignik	Pink	2010	3.4	0.35	490	1663	581	1660	582.05
Chignik	Pink	2009	3.2	0.21	1406	4497	951	4528.571429	944.37
Chignik	Pink	2008	3.43	0.22	2390	8192	1802	8190.909091	1802.24
Chignik	Pink	2007	3.66	0.14	2020	7388	1007	7192.857143	1034.32
Chignik	Pink	2006	3.66	0.16	384	1403	225	1406.25	224.48
Chignik	Pink	2005	3.15	0.11	194	612	67	609.0909091	67.32
Chignik	Pink	2004	3.36	0.09	2	8	1	11.11111111	0.72
Chignik	Pink	2003	3.89	0.07	503	1956	137	1957.142857	136.92
Chignik	Pink	2002	3.14	0.09	66	207	19	211.1111111	18.63
Chignik	Pink	2001	3.18	0.09	1280	4080	370	4111.111111	367.2
Chignik	Pink	2000	3.37	0.08	430	1440	120	1500	115.2
Chignik	Pink	1999	2.85	0.13	1700	4840	630	4846.153846	629.2
Chignik	Pink	1998	3.33	0.12	780	2590	310	2583.333333	310.8
Chignik	Pink	1997	3.3	0.1	840	2780	280	2800	278
Chignik	Pink	1996	2.9	0.06	180	531	32	533.3333333	31.86
Chignik	Pink	1995	3.57	0.14	2060	7350	1030	7357.142857	1029
Chignik	Pink	1994	3.47	0.14	430	1490	210	1500	208.6
Chignik	Chum	2016	6.8	0.2	118	805	161	805	161
Chignik	Chum	2015	6.5	0.25	102	657	165	660	164.25
Chignik	Chum	2014	8.31	0.41	55	456	185	451.2195122	186.96
Chignik	Chum	2013	7.72	0.32	154	1192	385	1203.125	381.44
Chignik	Chum	2012	8.97	0.43	171	1533	653	1518.604651	659.19
Chignik	Chum	2011	6.89	0.5	269	1857	921	1842	928.5
Chignik	Chum	2010	7.64	0.41	577	4407	1798	4385.365854	1806.87
Chignik	Chum	2009	7.5	0.3	256	1922	575	1916.666667	576.6
Chignik	Chum	2008	8.25	0.31	209	1726	535	1725.806452	535.06
Chignik	Chum	2007	8.2	0.25	79	648	163	652	162
Chignik	Chum	2006	7.31	0.24	62	451	108	450	108.24
Chignik	Chum	2005	7.28	0.16	9	64	10	62.5	10.24
Chignik	Chum	2004	7.92	0.12	1	4	0.48	4	0.48
Chignik	Chum	2003	7.02	0.13	64	449	58	446.1538462	58.37
Chignik	Chum	2002	7.4	0.11	55	407	45	409.0909091	44.77
Chignik	Chum	2001	8.09	0.17	200	1610	270	1588.235294	273.7
Chignik	Chum	2000	7.93	8	120	960	80	10	7680
Chignik	Chum	1999	7.57	0.11	140	1060	120	1090.909091	116.6
Chignik	Chum	1998	7.11	0.15	130	920	140	933.3333333	138
Chignik	Chum	1997	7.68	0.11	160	1200	130	1181.818182	132
Chignik	Chum	1996	7.5	0.08	95	717	57	712.5	57.36
Chignik	Chum	1995	7.39	0.21	380	2810	590	2809.52381	590.1
Chignik	Chum	1994	7.18	0.27	230	1630	440	1629.62963	440.1
Alaska Totals	Chinook	2016	10.66	4.4	401	4276	18829	4279.318182	18814.4
Alaska Totals	Chinook	2015	10.65	3.01	474	5050	15186	5045.182724	15200.5
Alaska Totals	Chinook	2014	12.06	4.07	479	5788	23497	5773.218673	23557.16
Alaska Totals	Chinook	2013	12.88	5.31	281	3615	19208	3617.3258	19195.65
Alaska Totals	Chinook	2012	13.3	4.01	347	4615	18514	4616.957606	18506.15
Alaska Totals	Chinook	2011	13.58	3.53	463	6285	22217	6293.767705	22186.05
Alaska Totals	Chinook	2010	14.2	3.6	376	5333	19192	5331.111111	19198.8
Alaska Totals	Chinook	2009	14.22	2.76	359	5106	14078	5100.724638	14092.56
Alaska Totals	Chinook	2008	15.03	4.54	376	5649	25619	5642.951542	25646.46
Alaska Totals	Chinook	2007	15.23	3.07	571	8694	26666	8685.993485	26690.58
Alaska Totals	Chinook	2006	15.71	3.03	645	10126	30721	10138.94389	30681.78
Alaska Totals	Chinook	2005	15.36	2.27	669	10747	24363	10732.59912	24395.69
Alaska Totals	Chinook	2004	15.8	1.93	816	12901	24941	12922.79793	24898.93
Alaska Totals	Chinook	2003	16.25	1.31	634	10305	13522	10322.1374	13499.55
Alaska Totals	Chinook	2002	16.46	1.35	584	9614	12937	9582.962963	12978.9
Alaska Totals	Chinook	2001	17.36	1.71	370	6410	12050	7046.783626	10961.1
Alaska Totals	Chinook	2000	16.84	1.67	360	6000	10010	5994.011976	10020
Alaska Totals	Chinook	1999	17.08	1.95	430	7340	16670	8548.717949	14313
Alaska Totals	Chinook	1998	17.46	1.17	580	10170	11900	10170.94017	11898.9
Alaska Totals	Chinook	1997	18.05	1.54	660	11890	18290	11876.62338	18310.6
Alaska Totals	Chinook	1996	18.65	1.42	500	9350	13350	9401.408451	13277
Alaska Totals	Chinook	1995	19.16	1.49	670	12670	18890	12677.85235	18878.3
Alaska Totals	Chinook	1994	18.24	1.39	640	11550	16030	11532.3741	16054.5
Alaska Totals	Sockeye	2016	5.41	0.88	52861	286159	251435	285721.5909	251819.92
Alaska Totals	Sockeye	2015	5.22	0.71	53748	280385	197783	278567.6056	199073.35
Alaska Totals	Sockeye	2014	5.6	1.37	43566	245358	349297	254961.3139	336140.46
Alaska Totals	Sockeye	2013	6.07	1.6	29257	177720	284951	178094.375	284352
Alaska Totals	Sockeye	2012	5.98	1.31	35769	213837	280210	213900.7634	280126.47
Alaska Totals	Sockeye	2011	6.18	1.31	40223	248700	325234	248270.229	325797
Alaska Totals	Sockeye	2010	5.88	1.2	41268	242637	291075	242562.5	291164.4
Alaska Totals	Sockeye	2009	5.97	0.9	43288	258334	231562	257291.1111	232500.6
Alaska Totals	Sockeye	2008	5.78	0.84	39090	225837	190622	226930.9524	189703.08
Alaska Totals	Sockeye	2007	5.89	0.8	47468	279541	224071	280088.75	223632.8
Alaska Totals	Sockeye	2006	5.71	0.76	41649	237716	180610	237644.7368	180664.16
Alaska Totals	Sockeye	2005	6.15	0.73	43387	266884	193679	265313.6986	194825.32
Alaska Totals	Sockeye	2004	5.77	0.6	44839	258859	154937	258228.3333	155315.4
Alaska Totals	Sockeye	2003	6.07	0.62	30912	187693	117115	188895.1613	116369.66
Alaska Totals	Sockeye	2002	6.09	0.6	22211	135355	81576	135960	81213
Alaska Totals	Sockeye	2001	6.45	0.58	26520	171040	97870	168741.3793	99203.2
Alaska Totals	Sockeye	2000	6.16	0.76	33500	206350	156750	206250	156826
Alaska Totals	Sockeye	1999	5.48	0.95	45120	247410	247020	260021.0526	235039.5
Alaska Totals	Sockeye	1998	5.63	1.17	22720	127950	149330	127632.4786	149701.5
Alaska Totals	Sockeye	1997	6.07	0.98	31090	188560	185340	189122.449	184788.8
Alaska Totals	Sockeye	1996	6.23	0.85	49860	310450	263520	310023.5294	263882.5
Alaska Totals	Sockeye	1995	5.52	0.88	63530	350490	308750	350852.2727	308431.2
Alaska Totals	Sockeye	1994	5.57	1.05	52390	291900	305750	291190.4762	306495
Alaska Totals	Coho	2016	7.23	1.21	3800	27461	33157	27402.47934	33227.81
Alaska Totals	Coho	2015	6.26	0.65	3574	22389	14631	22509.23077	14552.85
Alaska Totals	Coho	2014	7.14	1.15	6105	43462	49915	43404.34783	49981.3
Alaska Totals	Coho	2013	6.17	1.08	5353	33007	35757	33108.33333	35647.56
Alaska Totals	Coho	2012	6.47	1.27	3137	20308	25714	20247.24409	25791.16
Alaska Totals	Coho	2011	6.23	1.15	3478	21670	24964	21707.82609	24920.5
Alaska Totals	Coho	2010	7.54	1.16	4025	30332	35043	30209.48276	35185.12
Alaska Totals	Coho	2009	6.68	0.93	4124	27535	25716	27651.6129	25607.55
Alaska Totals	Coho	2008	7.93	1.28	4462	35386	45230	35335.9375	45294.08
Alaska Totals	Coho	2007	6.74	0.96	3642	24536	23444	24420.83333	23554.56
Alaska Totals	Coho	2006	7.24	1.04	4428	32065	33447	32160.57692	33347.6
Alaska Totals	Coho	2005	6.57	0.76	4621	31681	24192	31831.57895	24077.56
Alaska Totals	Coho	2004	7.27	0.7	5463	39712	27702	39574.28571	27798.4
Alaska Totals	Coho	2003	7.37	0.5	4208	31020	15429	30858	15510
Alaska Totals	Coho	2002	7.72	0.36	5059	39048	13985	38847.22222	14057.28
Alaska Totals	Coho	2001	7.08	0.49	4950	35000	17380	35469.38776	17150
Alaska Totals	Coho	2000	7.62	0.54	4200	31860	17160	31777.77778	17204.4
Alaska Totals	Coho	1999	6.2	0.79	4590	28450	24040	30430.37975	22475.5
Alaska Totals	Coho	1998	7.88	0.55	4680	36840	20160	36654.54545	20262
Alaska Totals	Coho	1997	7.38	0.79	3190	23550	18580	23518.98734	18604.5
Alaska Totals	Coho	1996	7.91	0.41	5870	46420	19200	46829.26829	19032.2
Alaska Totals	Coho	1995	7.7	0.59	6470	49820	29550	50084.74576	29393.8
Alaska Totals	Coho	1994	7.88	0.88	9560	75240	66540	75613.63636	66211.2
Alaska Totals	Pink	2016	4.07	0.24	39389	160231	37773	157387.5	38455.44
Alaska Totals	Pink	2015	3.42	0.2	190492	651280	131999	659995	130256
Alaska Totals	Pink	2014	3.45	0.3	95306	329089	97726	325753.3333	98726.7
Alaska Totals	Pink	2013	3.16	0.4	219160	691806	277160	692900	276722.4
Alaska Totals	Pink	2012	3.7	0.48	68035	252012	121958	254079.1667	120965.76
Alaska Totals	Pink	2011	3.4	0.46	116130	395390	182350	396413.0435	181879.4
Alaska Totals	Pink	2010	3.74	0.41	107253	400645	162572	396517.0732	164264.45
Alaska Totals	Pink	2009	3.18	0.26	97201	309094	81554	313669.2308	80364.44
Alaska Totals	Pink	2008	3.49	0.35	84089	293114	103423	295494.2857	102589.9
Alaska Totals	Pink	2007	3.5	0.19	144087	504832	98368	517726.3158	95918.08
Alaska Totals	Pink	2006	3.7	0.16	72808	269613	43372	271075	43138.08
Alaska Totals	Pink	2005	3.45	0.12	161237	556054	66256	552133.3333	66726.48
Alaska Totals	Pink	2004	3.63	0.1	99933	362395	26792	267920	36239.5
Alaska Totals	Pink	2003	3.58	0.09	124251	445256	41483	460922.2222	40073.04
Alaska Totals	Pink	2002	3.44	0.09	87310	300512	28200	313333.3333	27046.08
Alaska Totals	Pink	2001	3.35	0.13	127620	427580	57870	445153.8462	55585.4
Alaska Totals	Pink	2000	3.35	0.14	74800	251000	33980	242714.2857	35140
Alaska Totals	Pink	1999	2.96	0.14	145990	431600	60430	431642.8571	60424
Alaska Totals	Pink	1998	3.57	0.14	104770	373740	50980	364142.8571	52323.6
Alaska Totals	Pink	1997	3.69	0.15	71960	265470	39420	262800	39820.5
Alaska Totals	Pink	1996	3.32	0.1	97900	325160	31620	316200	32516
Alaska Totals	Pink	1995	3.39	0.19	128190	435450	81620	429578.9474	82735.5
Alaska Totals	Pink	1994	3.13	0.19	116720	364800	68970	363000	69312
Alaska Totals	Chum	2016	7.31	0.55	16189	118384	65185	118518.1818	65111.2
Alaska Totals	Chum	2015	7.46	0.48	15177	113232	54621	113793.75	54351.36
Alaska Totals	Chum	2014	8.36	0.6	11220	93667	56207	93678.33333	56200.2
Alaska Totals	Chum	2013	7.73	0.52	18578	143556	74067	142436.5385	74649.12
Alaska Totals	Chum	2012	8.35	0.76	20185	168558	127688	168010.5263	128104.08
Alaska Totals	Chum	2011	7.39	0.84	16993	125559	104940	124928.5714	105469.56
Alaska Totals	Chum	2010	7.66	0.7	18239	139657	97334	139048.5714	97759.9
Alaska Totals	Chum	2009	7.29	0.49	17972	130954	63919	130446.9388	64167.46
Alaska Totals	Chum	2008	8.06	0.59	18335	147819	87135	147686.4407	87213.21
Alaska Totals	Chum	2007	7.57	0.34	17.244	130518	44220	130058.8235	44376.12
Alaska Totals	Chum	2006	8.44	0.32	21532	181836	56300	175937.5	58187.52
Alaska Totals	Chum	2005	8.16	0.27	11760	95978	25558	94659.25926	25914.06
Alaska Totals	Chum	2004	7.85	0.21	16531	129835	26792	127580.9524	27265.35
Alaska Totals	Chum	2003	6.96	0.19	17993	125254	24348	128147.3684	23798.26
Alaska Totals	Chum	2002	8.61	0.19	16210	139540	25853	136068.4211	26512.6
Alaska Totals	Chum	2001	8.37	0.34	15400	128810	45050	132500	43795.4
Alaska Totals	Chum	2000	8.88	0.27	24290	215760	57220	211925.9259	58255.2
Alaska Totals	Chum	1999	8.97	0.18	20480	183800	35160	195333.3333	33084
Alaska Totals	Chum	1998	8.61	0.18	19070	164100	30350	168611.1111	29538
Alaska Totals	Chum	1997	8.68	0.25	16240	140940	34980	139920	35235
Alaska Totals	Chum	1996	10.18	0.17	21240	216400	37340	219647.0588	36788
Alaska Totals	Chum	1995	7.75	0.32	18304	145620	47070	147093.75	46598.4
Alaska Totals	Chum	1994	7.4	0.26	16580	122500	31840	122461.5385	31850
